14
50000
60.0      0   0      0   0         -5   10 0        0   0 0
60.0      0   0      0   0        -10   25 0        2   3 0
59.9      0  -2      0   0        -15   35 0        5   5 0
59.8      5  -5      0   0        -20   40 0        7   0 0
59.8      5  -5     -2   0        -23   45 0        9   0 0
59.8      7  -5     -3   1        -26   40 0       11   0 0
59.7     10  -5     -4   2        -30   35 0       12   0 0
59.7     12  -5     -6   5        -35   30 0       15   0 0
59.7     12  -5     -8   8        -30   27 0       17   0 0
59.6     15  -5    -10  10        -25   25 0       20   0 0
59.7     12  -5    -15   8        -15   10 0       15   0 0
59.8     10  -5    -12   6        -10    7 0       10   0 0
59.9      7  -5    -10   4         -5    5 0        5   0 0
60.0      5  -2     -5   1         -2    2 0        0   0 0


